[bg2.jpg]
filters=fill=1,0.130841;Soften=1,69.590645,22.222223;Soften=1,76.023392,16.374269;
moddate=4b244a4efd26d301
width=2000
height=800
textactive=0
